Markers: 0
YUnitText: Percent
YLowLimit: 0
YHighLimit: 100
YStep: 10
XFormat: %2.0f
YFormat: %3.0f
XUnitText: Number cached
Geometry: =600x300
Device: Gremlin
Disposition: To File
Gremlin.OutputAxisSize: 12
TitleText: Name cache performance (no mig)
XLowLimit: 0
XHighLimit: 103

"Compulsory misses
0.000000 100.000000
100.000000 100.000000
move 0.000000 100.000000
100.000000 100.000000

"Capacity misses
0.000000 99.318273
100.000000 99.318273
move 0.000000 99.276821
100.000000 99.276821

"Consistency misses
0.000000 0.000000
1.000000 6.976250
2.000000 16.385000
3.000000 25.370000
4.000000 38.583750
5.000000 53.031250
6.000000 64.886250
7.000000 75.217500
8.000000 80.505000
9.000000 88.400000
10.000000 91.016250
11.000000 92.826250
12.000000 94.020000
13.000000 94.917500
14.000000 95.615000
15.000000 96.063750
16.000000 96.466250
17.000000 96.768750
18.000000 97.027500
19.000000 97.241250
20.000000 97.422500
21.000000 97.577500
22.000000 97.705000
23.000000 97.817500
24.000000 97.915000
25.000000 98.038750
26.000000 98.132500
27.000000 98.207500
28.000000 98.328750
29.000000 98.378750
30.000000 98.425000
31.000000 98.470000
32.000000 98.513750
33.000000 98.560000
34.000000 98.593750
35.000000 98.628750
36.000000 98.660000
37.000000 98.688750
38.000000 98.712500
39.000000 98.738750
40.000000 98.762500
41.000000 98.783750
42.000000 98.803750
43.000000 98.822500
44.000000 98.841250
45.000000 98.856250
46.000000 98.872500
47.000000 98.932500
48.000000 98.946250
49.000000 98.958750
50.000000 98.970000
51.000000 98.978750
52.000000 98.988750
53.000000 98.997500
54.000000 99.006250
55.000000 99.012500
56.000000 99.018750
57.000000 99.026250
58.000000 99.033750
59.000000 99.040000
60.000000 99.046250
61.000000 99.053750
62.000000 99.056250
63.000000 99.065000
64.000000 99.067500
65.000000 99.081250
66.000000 99.086250
67.000000 99.091250
68.000000 99.093750
69.000000 99.101250
70.000000 99.106250
71.000000 99.111250
72.000000 99.113750
73.000000 99.116250
74.000000 99.120000
75.000000 99.126250
76.000000 99.126250
77.000000 99.130000
78.000000 99.131250
79.000000 99.135000
80.000000 99.137500
81.000000 99.140000
82.000000 99.142500
83.000000 99.146250
84.000000 99.148750
85.000000 99.151250
86.000000 99.156250
87.000000 99.157500
88.000000 99.160000
89.000000 99.162500
90.000000 99.166250
91.000000 99.167500
92.000000 99.167500
93.000000 99.168750
94.000000 99.171250
95.000000 99.173750
96.000000 99.175000
97.000000 99.176250
98.000000 99.177500
99.000000 99.178750
100.000000 99.180000
103.000000 99.180000
move 0.000000 0.000000
1.000000 7.130125
2.000000 16.556012
3.000000 25.104750
4.000000 38.522175
5.000000 53.045275
6.000000 64.699962
7.000000 75.089988
8.000000 80.438663
9.000000 88.341625
10.000000 90.937175
11.000000 92.825987
12.000000 94.003387
13.000000 94.881838
14.000000 95.558638
15.000000 95.984350
16.000000 96.375887
17.000000 96.660875
18.000000 96.902788
19.000000 97.103962
20.000000 97.277525
21.000000 97.425037
22.000000 97.549013
23.000000 97.649000
24.000000 97.755562
25.000000 97.903612
26.000000 97.990075
27.000000 98.071450
28.000000 98.204775
29.000000 98.268325
30.000000 98.323700
31.000000 98.375375
32.000000 98.427175
33.000000 98.479525
34.000000 98.520562
35.000000 98.559187
36.000000 98.593725
37.000000 98.624250
38.000000 98.652775
39.000000 98.680612
40.000000 98.705675
41.000000 98.730612
42.000000 98.751162
43.000000 98.771375
44.000000 98.790013
45.000000 98.806637
46.000000 98.820688
47.000000 98.881150
48.000000 98.893412
49.000000 98.906150
50.000000 98.917125
51.000000 98.928575
52.000000 98.937475
53.000000 98.946363
54.000000 98.954250
55.000000 98.962975
56.000000 98.970200
57.000000 98.977037
58.000000 98.984275
59.000000 98.990775
60.000000 98.998150
61.000000 99.003862
62.000000 99.009675
63.000000 99.014987
64.000000 99.020737
65.000000 99.033650
66.000000 99.038950
67.000000 99.043413
68.000000 99.047875
69.000000 99.053400
70.000000 99.060675
71.000000 99.064988
72.000000 99.068413
73.000000 99.072163
74.000000 99.075513
75.000000 99.078775
76.000000 99.081475
77.000000 99.084538
78.000000 99.087063
79.000000 99.090462
80.000000 99.092975
81.000000 99.095512
82.000000 99.098163
83.000000 99.102875
84.000000 99.105175
85.000000 99.107475
86.000000 99.111925
87.000000 99.115150
88.000000 99.117312
89.000000 99.120100
90.000000 99.122463
91.000000 99.124775
92.000000 99.126575
93.000000 99.128925
94.000000 99.130512
95.000000 99.132175
96.000000 99.133963
97.000000 99.135300
98.000000 99.136450
99.000000 99.137812
100.000000 99.139337
103.000000 99.139337

"Hits
0.000000 0.000000
1.000000 6.975000
2.000000 16.373750
3.000000 25.355000
4.000000 38.566250
5.000000 53.003750
6.000000 64.852500
7.000000 75.182500
8.000000 80.465000
9.000000 88.348750
10.000000 90.960000
11.000000 92.763750
12.000000 93.953750
13.000000 94.851250
14.000000 95.543750
15.000000 95.988750
16.000000 96.387500
17.000000 96.686250
18.000000 96.945000
19.000000 97.153750
20.000000 97.333750
21.000000 97.483750
22.000000 97.611250
23.000000 97.721250
24.000000 97.817500
25.000000 97.942500
26.000000 98.033750
27.000000 98.105000
28.000000 98.223750
29.000000 98.272500
30.000000 98.318750
31.000000 98.365000
32.000000 98.406250
33.000000 98.452500
34.000000 98.483750
35.000000 98.518750
36.000000 98.548750
37.000000 98.575000
38.000000 98.600000
39.000000 98.625000
40.000000 98.647500
41.000000 98.672500
42.000000 98.688750
43.000000 98.708750
44.000000 98.725000
45.000000 98.741250
46.000000 98.755000
47.000000 98.815000
48.000000 98.826250
49.000000 98.840000
50.000000 98.851250
51.000000 98.858750
52.000000 98.870000
53.000000 98.877500
54.000000 98.883750
55.000000 98.892500
56.000000 98.898750
57.000000 98.906250
58.000000 98.912500
59.000000 98.918750
60.000000 98.925000
61.000000 98.930000
62.000000 98.935000
63.000000 98.938750
64.000000 98.945000
65.000000 98.957500
66.000000 98.962500
67.000000 98.965000
68.000000 98.971250
69.000000 98.973750
70.000000 98.983750
71.000000 98.983750
72.000000 98.990000
73.000000 98.992500
74.000000 98.995000
75.000000 98.997500
76.000000 99.000000
77.000000 99.005000
78.000000 99.006250
79.000000 99.008750
80.000000 99.012500
81.000000 99.013750
82.000000 99.016250
83.000000 99.020000
84.000000 99.022500
85.000000 99.025000
86.000000 99.028750
87.000000 99.031250
88.000000 99.032500
89.000000 99.035000
90.000000 99.038750
91.000000 99.038750
92.000000 99.040000
93.000000 99.043750
94.000000 99.043750
95.000000 99.043750
96.000000 99.046250
97.000000 99.047500
98.000000 99.050000
99.000000 99.052500
100.000000 99.052500
103.000000 99.052500
move 0.000000 0.000000
1.000000 7.120913
2.000000 16.522750
3.000000 25.065925
4.000000 38.480112
5.000000 52.988087
6.000000 64.631987
7.000000 75.014425
8.000000 80.352300
9.000000 88.241275
10.000000 90.827463
11.000000 92.705625
12.000000 93.875775
13.000000 94.747875
14.000000 95.418300
15.000000 95.838862
16.000000 96.224437
17.000000 96.504000
18.000000 96.740513
19.000000 96.937462
20.000000 97.107375
21.000000 97.251150
22.000000 97.371238
23.000000 97.468037
24.000000 97.571888
25.000000 97.717300
26.000000 97.801350
27.000000 97.880563
28.000000 98.011987
29.000000 98.073775
30.000000 98.127688
31.000000 98.177900
32.000000 98.228325
33.000000 98.279425
34.000000 98.319237
35.000000 98.356850
36.000000 98.390438
37.000000 98.419975
38.000000 98.447550
39.000000 98.474525
40.000000 98.498850
41.000000 98.522963
42.000000 98.542650
43.000000 98.562125
44.000000 98.580012
45.000000 98.595938
46.000000 98.609325
47.000000 98.669125
48.000000 98.680788
49.000000 98.692900
50.000000 98.703338
51.000000 98.714337
52.000000 98.722750
53.000000 98.731138
54.000000 98.738612
55.000000 98.746887
56.000000 98.753713
57.000000 98.760037
58.000000 98.766850
59.000000 98.772937
60.000000 98.779963
61.000000 98.785300
62.000000 98.790813
63.000000 98.795825
64.000000 98.801262
65.000000 98.813913
66.000000 98.818950
67.000000 98.823138
68.000000 98.827325
69.000000 98.832687
70.000000 98.839700
71.000000 98.843787
72.000000 98.846975
73.000000 98.850525
74.000000 98.853738
75.000000 98.856775
76.000000 98.859338
77.000000 98.862225
78.000000 98.864587
79.000000 98.867863
80.000000 98.870212
81.000000 98.872563
82.000000 98.875025
83.000000 98.879525
84.000000 98.881688
85.000000 98.883837
86.000000 98.888163
87.000000 98.891262
88.000000 98.893300
89.000000 98.895913
90.000000 98.898112
91.000000 98.900312
92.000000 98.901975
93.000000 98.904188
94.000000 98.905638
95.000000 98.907250
96.000000 98.908900
97.000000 98.910063
98.000000 98.911162
99.000000 98.912425
100.000000 98.913850
103.000000 98.913850

